   3.1614   3.0792   3.0000   2.9201   2.8401   2.7597   2.6803   2.5999   2.5198   2.4393
   2.3598   2.2810   2.1987   2.1206   2.0414   2.0000   1.9600   1.8802   1.8000   1.7782
   1.7202   1.6405   1.5599   1.4800   1.3979   1.3400   1.3300   1.3200   1.3100   1.3000
   1.2900   1.2800   1.2700   1.2600   1.2500   1.2400   1.2300   1.2200   1.2100   1.2000
   1.1900   1.1800   1.1700   1.1600   1.1500   1.1400   1.1300   1.1200   1.1100   1.1000
   1.0900   1.0800   1.0700   1.0600   1.0500   1.0400   1.0300   1.0200   1.0100   1.0000
   0.9900   0.9800   0.9700   0.9600   0.9500   0.9400   0.9300   0.9200   0.9100   0.9000
   0.8900   0.8800   0.8700   0.8600   0.8500   0.8400   0.8300   0.8200   0.8100   0.8000
   0.7900   0.7800   0.7700   0.7600   0.7500   0.7400   0.7300   0.7200   0.7100   0.7000
   0.6900   0.6800   0.6700   0.6600   0.6500   0.6400   0.6300   0.6200   0.6100   0.6000
   0.5900   0.5800   0.5700   0.5600   0.5500   0.5400   0.5300   0.5200   0.5100   0.5000
   0.4900   0.4800   0.4700   0.4600   0.4500   0.4400   0.4298   0.3598   0.2810   0.1987
   0.1206   0.0607   0.0000  -0.0501  -0.1002  -0.1500  -0.2000  -0.2596  -0.3002  -0.3565
  -0.4001  -0.4498  -0.5003  -0.5498  -0.6003  -0.6498  -0.6615  -0.6990  -0.7496  -0.8013
  -0.8508  -0.8996  -0.9508  -1.0000  -1.0391  -1.0400  -1.1002
 -14.5143 -14.1253 -13.7637 -13.3894 -13.0354 -12.6798 -12.3452 -12.0191 -11.7090 -11.4220
 -11.1643 -10.9446 -10.7607 -10.6260 -10.5593 -10.5553 -10.5680 -10.6559 -10.8294 -10.8882
 -11.0561 -11.2578 -11.3728 -11.4372 -11.4884 -11.5090 -11.5115 -11.5135 -11.5152 -11.5165
 -11.5172 -11.5171 -11.5162 -11.5146 -11.5123 -11.5097 -11.5065 -11.5030 -11.4990 -11.4944
 -11.4891 -11.4831 -11.4768 -11.4703 -11.4636 -11.4566 -11.4435 -11.4062 -11.2687 -11.2183
 -11.2129 -11.2088 -11.2050 -11.2013 -11.1979 -11.1947 -11.1918 -11.1889 -11.1887 -11.1987
 -11.2914 -11.3401 -11.3385 -11.3204 -11.2777 -11.2167 -11.1783 -11.1572 -11.1476 -11.1460
 -11.1495 -11.1605 -11.1754 -11.1741 -11.1206 -11.1068 -11.1395 -11.2019 -11.2579 -11.3030
 -11.3380 -11.3648 -11.3872 -11.4062 -11.4290 -11.4709 -11.6582 -11.8327 -11.9051 -11.9540
 -12.0031 -12.0538 -12.1062 -12.1605 -12.2170 -12.2762 -12.3385 -12.4044 -12.4720 -12.5395
 -12.6060 -12.0641 -11.5929 -11.5915 -11.5953 -11.5986 -11.6015 -11.6039 -11.6060 -11.6078
 -11.6094 -11.6107 -11.6120 -11.7479 -13.2121 -13.6382 -13.7724 -14.3286 -15.0275 -15.6013
 -15.8720 -16.0611 -16.3041 -16.5565 -16.8626 -17.2264 -17.6583 -18.2712 -18.7569 -31.9016
 -31.8757 -31.8536 -31.8253 -31.8032 -31.7478 -31.7183 -31.7130 -31.7154 -31.6404 -31.5584
 -31.5272 -31.5090 -31.5064 -31.5204 -31.5326 -31.5326 -31.5552
  -8.9741  -8.5790  -8.2112  -7.8284  -7.4646  -7.0955  -6.7450  -6.3984  -6.0615  -5.7402
  -5.4396  -5.1664  -4.9087  -4.6815  -4.4949  -4.4179  -4.3482  -4.2397  -4.1777  -4.1687
  -4.1621  -4.1915  -4.2620  -4.3635  -4.4843  -4.5726  -4.5880  -4.6033  -4.6183  -4.6332
  -4.6475  -4.6608  -4.6731  -4.6843  -4.6944  -4.7036  -4.7119  -4.7191  -4.7260  -4.7329
  -4.7397  -4.7465  -4.7539  -4.7622  -4.7715  -4.7819  -4.7924  -4.7996  -4.7841  -4.7885
  -4.8069  -4.8271  -4.8487  -4.8719  -4.8965  -4.9225  -4.9490  -4.9743  -4.9986  -5.0258
  -5.0918  -5.1234  -5.1204  -5.0946  -5.0401  -4.9668  -4.9144  -4.8785  -4.8542  -4.8390
  -4.8294  -4.8257  -4.8255  -4.8215  -4.7929  -4.7893  -4.8184  -4.8707  -4.9189  -4.9594
  -4.9922  -5.0183  -5.0411  -5.0612  -5.0829  -5.1147  -5.2140  -5.2935  -5.3292  -5.3567
  -5.3840  -5.4114  -5.4390  -5.4668  -5.4948  -5.5229  -5.5513  -5.5800  -5.6087  -5.6374
  -5.6660  -5.6724  -5.6512  -5.6699  -5.6918  -5.7126  -5.7319  -5.7497  -5.7660  -5.7807
  -5.7937  -5.8048  -5.8136  -5.8515  -5.9360  -5.9481  -5.9711  -5.9296  -5.9713  -5.9435
  -6.0041  -6.1714  -6.2155  -6.2600  -6.3765  -6.5030  -6.6543  -6.7500  -6.8846  -7.0134
  -7.2800  -7.3766  -7.5693  -7.7669  -8.4204  -9.4403  -9.6160  -9.0482  -8.3603  -8.2492
  -8.5875  -9.4019 -10.1579 -11.7720 -14.2774 -14.2983 -14.1005
  -1.4916  -1.0993  -0.7354  -0.3568   0.0010   0.3635   0.7053   1.0412   1.3652   1.6706
   1.9518   2.2022   2.4307   2.6248   2.7685   2.8190   2.8600   2.9010   2.8801   2.8636
   2.7977   2.6610   2.4837   2.2914   2.0760   1.9167   1.8890   1.8621   1.8360   1.8107
   1.7877   1.7684   1.7530   1.7419   1.7347   1.7310   1.7310   1.7345   1.7374   1.7377
   1.7357   1.7317   1.7246   1.7131   1.6971   1.6764   1.6504   1.6195   1.5913   1.5458
   1.4899   1.4320   1.3722   1.3102   1.2457   1.1786   1.1094   1.0401   0.9734   0.9114
   0.8139   0.7930   0.8486   0.9586   1.1158   1.2861   1.4017   1.4834   1.5444   1.5912
   1.6278   1.6558   1.6784   1.6998   1.7361   1.7496   1.7346   1.6964   1.6568   1.6189
   1.5827   1.5482   1.5153   1.4838   1.4505   1.4082   1.3108   1.2264   1.1755   1.1298
   1.0845   1.0391   0.9936   0.9482   0.9026   0.8571   0.8114   0.7658   0.7200   0.6743
   0.6287   0.5930   0.5713   0.5354   0.5004   0.4687   0.4410   0.4176   0.3986   0.3842
   0.3744   0.3692   0.3682   0.3545   0.3240   0.3256   0.3263   0.3818   0.2346   0.0606
  -0.2902  -1.1042  -1.4076  -1.7119  -2.2271  -2.7613  -3.3956  -3.8878  -4.5230  -5.2980
  -6.1461  -6.5392  -7.5407  -8.4714 -11.3852 -15.6438 -16.4357 -14.2736 -11.8983 -11.7676
 -13.1548 -16.6712 -20.0676 -20.9431 -20.9544 -20.9551 -20.9118
  -6.5630  -6.1700  -5.7790  -5.3890  -5.0020  -4.6190  -4.2400  -3.8670  -3.5010  -3.1480
  -2.7970  -2.4650  -2.1520  -1.8620  -1.6010  -1.2010  -0.8180  -0.6570  -0.6200  -0.6430
  -0.6010  -0.6050  -0.6100  -0.6920  -0.7070  -0.7280  -0.7680  -0.8440  -0.9890  -1.2440
  -1.6660  -2.3050  -3.1950  -4.4420  -5.9640  -8.5000 -11.0000 -13.5000 -16.0000 -18.5000
 -21.0000 -21.0000 -21.0000 -21.0000 -21.0000 -21.0000
