91.0	0.0010835581
94.0	0.001497975
96.0	0.00183401525
98.0	0.002225899
100.0	0.00267656535
102.0	0.0031909125
104.0	0.0037757974
106.0	0.0044341643
108.0	0.0051709045
110.0	0.0059899425
114.0	0.0078915555
118.0	0.010169379
121.0	0.0121287995
125.0	0.015107114
127.0	0.0167530245
128.0	0.017615168
131.0	0.020358352
132.0	0.02131847
134.0	0.0233366695
137.0	0.026550114
140.0	0.029988893
143.0	0.0336530065
147.0	0.038874845
151.0	0.0444689865
155.0	0.050386445
159.0	0.056617375
162.0	0.06147674
166.0	0.06816815
170.0	0.075075105
173.0	0.080385135
177.0	0.087595805
180.0	0.09309196
182.0	0.09678546
186.0	0.10424103
191.0	0.113646235
194.0	0.11923059
198.0	0.12677433
202.0	0.13422015
205.0	0.13980447
210.0	0.14891578
216.0	0.159692575
220.0	0.16664849
223.0	0.17184096
227.0	0.17850298
230.0	0.18349951
234.0	0.18996559
240.0	0.199272835
246.0	0.208090215
252.0	0.217299475
257.0	0.22552903
260.0	0.22856614
264.0	0.23953888
269.0	0.24639684
274.0	0.252862915
279.0	0.253744635
284.0	0.263737665
290.0	0.270889555
296.0	0.2731429
301.0	0.274612445
308.0	0.279119105
318.0	0.282450115
328.0	0.28685879
338.0	0.287740545
348.0	0.28813246
357.0	0.294990385
366.0	0.30802053
375.0	0.30674689
385.0	0.29685185
395.0	0.30870634
405.0	0.31625008
414.0	0.31262514
422.0	0.304493575
430.0	0.29939909
441.0	0.302436205
451.0	0.29812549
460.0	0.28725067
470.0	0.282939955
480.0	0.28303794
490.0	0.270889555
500.0	0.275592155
506.0	0.26383562
512.0	0.281274465
520.0	0.27363274
530.0	0.26314984
540.0	0.24629885
550.0	0.23855917
560.0	0.245515085
570.0	0.24678869
580.0	0.240224655
590.0	0.23513017
600.0	0.220532495
610.0	0.211813105
620.0	0.21857308
630.0	0.20887398
640.0	0.210245575
650.0	0.2027018
658.0	0.194276305
665.0	0.197117475
675.0	0.194472215
685.0	0.18202993
695.0	0.18447922
705.0	0.170175475
716.0	0.17605369
726.0	0.172428785
735.0	0.168705895
745.0	0.16272969
755.0	0.15812504
765.0	0.14881779
775.0	0.150483315
785.0	0.14205782
795.0	0.14225376
805.0	0.140392295
815.0	0.137159275
825.0	0.134318105
835.0	0.12275754
845.0	0.1272642
855.0	0.123345365
865.0	0.121973775
875.0	0.11923059
885.0	0.116389455
895.0	0.11374422
905.0	0.11021727
912.0	0.11
1000.0	0.221294185
1010.6482	0.303927495
1022.3509	0.1354472
1034.1892	0.20359636
1046.1646	0.33944543
1058.2786	0.270875655
1070.5329	0.274012245
1082.929	0.232685885
1095.4688	0.290248495
1108.1537	0.25868426
1120.9855	0.2151642
1133.9659	0.265320015
1147.0966	0.24086296
1160.3794	0.24761103
1173.8159	0.156592165
1187.4081	0.22478638
1201.1576	0.151974255
1215.0664	0.08969536
1229.1362	0.199880295
1243.3689	0.21466933
1257.7664	0.20881901
1272.3307	0.22375358
1287.0636	0.21765567
1301.9671	0.188265175
1317.0431	0.21516421
1332.2938	0.18653915
1347.721	0.191765295
1363.3269	0.18313443
1379.1135	0.16934407
1395.0829	0.124385565
1411.2371	0.15058095
1427.5785	0.14347294
1444.1091	0.15023461
1460.8311	0.14413518
1477.7467	0.143803685
1494.8582	0.13733145
1512.1678	0.125536505
1529.6779	0.108086145
1547.3908	0.088668625
1565.3087	0.1070952
1583.4341	0.111884525
1601.7694	0.100871855
1620.317	0.09812282
1639.0794	0.09903074
1658.0591	0.09722322
1677.2585	0.10322146
1696.6802	0.10087186
1716.3269	0.100177455
1736.201	0.10858504
1756.3053	0.116083365
1776.6423	0.121274645
1797.2149	0.12324519
1818.0256	0.12071744
1839.0774	0.106848885
1860.3729	0.107837545
1881.915	0.11111431
1903.7065	0.10611335
1925.7504	0.096999615
1948.0496	0.117427545
1970.6069	0.1137025
1993.4255	0.09744734
2016.5082	0.10958977
2039.8583	0.11214244
2063.4787	0.11266007
2087.3727	0.135759435
2115.0	0.12334999522590243
2125.0	0.11139999961733596
2135.0	0.09665000076487211
2145.0	0.12745000102999468
2155.0	0.13214999530165172
2165.0	0.11100000337032069
2175.0	0.11555000347656559
2185.0	0.1402000009385079
2195.0	0.14184999578762253
2205.0	0.13334999584861373
2215.0	0.098199999503712
2225.0	0.1073500036742973
2235.0	0.14879999698779145
2245.0	0.138650002199668
2255.0	0.10079999872114365
2265.0	0.09845000158531513
2275.0	0.11664999610733663
2285.0	0.1487000008775167
2295.0	0.12625000048303267
2305.0	0.14969999739801296
2315.0	0.12389999744424604
2325.0	0.081150001570557
2335.0	0.07239999954994508
2345.0	0.04457499867317979
2355.0	0.10179999524163992
2365.0	0.04960500076909693
2375.0	0.07179999927646409
2385.0	0.035089998678736876
2395.0	0.04873499919195785
2405.0	0.04786000076078409
2415.0	0.06469999800792492
2425.0	0.12294999897888716
2435.0	0.12449999771772705
2445.0	0.1477500024121578
2455.0	0.15824999539215914
2465.0	0.13664999735275926
2475.0	0.12174999843192516
2485.0	0.09010000171467657
2495.0	0.09894999984556326
2505.0	0.16110000259415203
2513.0	0.06014999790168001
2518.0	0.04580500100470328
2525.0	0.05374999891985472
2535.0	0.08349999870638554
2545.0	0.09195000059025696
2555.0	0.15824999539215914
2565.0	0.11500000125822198
2575.0	0.14500000312635591
2585.0	0.12745000102999468
2595.0	0.11024999712551134
2605.0	0.09354999738423422
2615.0	0.08229999815942353
2625.0	0.12274999495242142
2635.0	0.20355000423405867
2645.0	0.2921500052650327
2655.0	0.37029999956522663
2665.0	0.23644999955340662
2675.0	0.2794500034116569
2685.0	0.30160000366940043
2695.0	0.24214999034555995
2705.0	0.29199999929370435
2715.0	0.2191999975937859
2725.0	0.20165000730334087
2735.0	0.23759999023931505
2745.0	0.1128000041907637
2755.0	0.1526500007102806
2765.0	0.19859999607488227
2775.0	0.22250001090384763
2785.0	0.13084999864441496
2795.0	0.04923500040368504
2805.0	0.06280000107720715
2815.0	0.19655000497875236
2825.0	0.307199998351279
2835.0	0.3096999955554777
2845.0	0.277900004672817
2855.0	0.18434999548266656
2865.0	0.35405000593201835
2875.0	0.39850001241883376
2885.0	0.3615499975446147
2895.0	0.3834000094715339
2910.0	0.5084999838509096
2930.0	0.44905001775073394
2950.0	0.4308500173257543
2970.0	0.4771499872704015
2990.0	0.4815500050171504
3010.0	0.5139999824225133
3030.0	0.515499994912132
3050.0	0.5319999906269434
3070.0	0.5554999974029773
3090.0	0.5774999916893925
3110.0	0.6009999984654263
3130.0	0.5805000166686299
3150.0	0.5829999902609962
3170.0	0.6095000220162675
3190.0	0.5340000072797684
3210.0	0.5999999901390138
3230.0	0.5050000019321307
3250.0	0.6435000217723028
3270.0	0.7249999920199471
3290.0	0.7079999921419295
3310.0	0.7074999879787233
3330.0	0.712999986550327
3350.0	0.7004999769175008
3370.0	0.6035000192814575
3390.0	0.6480000120174941
3410.0	0.6559999841814642
3430.0	0.6619999869162743
3450.0	0.6980000033251345
3470.0	0.7045000102231507
3490.0	0.7510000196120122
3510.0	0.7835000068784287
3530.0	0.7254999961831534
3550.0	0.8200000274504952
3570.0	0.6449999870382567
3590.0	0.6444999828750504
3610.0	0.7309999947547572
3630.0	0.7644999903475862
3640.0	0.7769999999804125
3650.0	0.8775000339825642
3670.0	0.8870000186361531
3690.0	0.8139999774920202
3710.0	0.8860000103097406
3730.0	0.7215000101011683
3750.0	0.815499989981639
3770.0	0.9470000459842534
3790.0	1.0159999593754065
3810.0	1.0565000132531228
3830.0	0.7519999807147598
3850.0	0.9974999942314351
3870.0	1.0399999703146467
3890.0	0.9795000332506698
3910.0	1.166999988848405
3930.0	0.57649998336298
3950.0	0.9499999765161611
3970.0	0.6410000009562715
3990.0	1.3555000472198822
4010.0	1.506999986408757
4030.0	1.5235000293472334
4050.0	1.4719999783263094
4070.0	1.4139999676310342
4090.0	1.570500042899301
4110.0	1.437499974407068
4130.0	1.523000025184027
4150.0	1.5470000361232672
4170.0	1.5394999736751735
4190.0	1.5480000444496798
4210.0	1.5700000387360948
4230.0	1.5169999752255523
4250.0	1.6079999773504503
4270.0	1.5274999682055537
4290.0	1.4614999853463082
4310.0	1.3034999920357522
4330.0	1.6140000273089252
4350.0	1.5514999791447937
4370.0	1.8134999883762803
4390.0	1.657000007555343
4410.0	1.706500041923442
4430.0	1.763499949844975
4450.0	1.7854999441313903
4470.0	1.890000058662857
4490.0	1.910000036296447
4510.0	2.1640000733639635
4530.0	1.897499932216291
4550.0	1.9600000748277522
4570.0	2.12449993336533
4590.0	2.005000071726995
4610.0	2.053999913037228
4630.0	1.9845000899301986
4650.0	2.0255000535237913
4670.0	2.1054999640581524
4690.0	2.0505000727894442
4710.0	1.972999994176455
4730.0	2.0750000878918904
4750.0	2.13650003328228
4770.0	2.125999945854949
4790.0	2.1210000931175457
4810.0	2.097500086341512
4830.0	2.1640000733639635
4850.0	1.972499990013249
4870.0	1.7485000138434472
4890.0	2.0569999380164656
4910.0	2.0604999671589095
4930.0	2.020500011891729
4950.0	2.1299999791605986
4970.0	2.0869999989141808
4990.0	1.9259999806243873
5010.0	1.8205000466611676
5030.0	1.9390000888677494
5050.0	1.9414999207891215
5070.0	2.032999927077226
5090.0	1.9085000238068284
5110.0	2.0015000425845515
5130.0	1.916999905686675
5150.0	1.864500035233998
5170.0	1.7530000513123034
5190.0	1.8074999384178054
5210.0	1.9165000904181282
5230.0	2.02700006601341
5250.0	2.101499930752502
5270.0	1.8544999519698733
5290.0	2.1239999292021237
5310.0	2.2485000213671804
5330.0	1.9825000732773737
5350.0	2.178000001039079
5370.0	2.1729999594070164
5390.0	2.1039999515685337
5410.0	2.0715000587494465
5430.0	2.113500030669452
5450.0	2.18450005516076
5470.0	2.1034999474053273
5490.0	2.0759999073236437
5510.0	2.0715000587494465
5530.0	2.1360000291190735
5550.0	2.171999951080604
5570.0	2.1360000291190735
5590.0	2.080999948955706
5610.0	2.1580000234054886
5630.0	2.125999945854949
5650.0	2.1665000941799946
5670.0	2.1274999583445675
5690.0	2.2080000619367937
5710.0	2.1380000457718986
5730.0	2.3225000708377257
5750.0	2.202000011978319
5770.0	2.2359999172870246
5790.0	2.143999906835714
5810.0	2.249000025530387
5830.0	2.3250000916537568
5850.0	2.234000089528859
5870.0	2.2154999354902283
5890.0	1.9110000446228594
5910.0	2.153999990099839
5930.0	2.1800000176919037
5950.0	2.18450005516076
5970.0	2.2270000312439717
5990.0	2.1764999885494603
6010.0	2.141500074914342
6030.0	2.211000086916031
6050.0	2.2550000754888617
6070.0	2.260499932389471
6090.0	2.1669999094485415
6110.0	2.169999934427779
6130.0	2.0530000936054753
6150.0	2.108999993200596
6170.0	2.0005000342581387
6190.0	2.1130000265062456
6210.0	2.085499986424562
6230.0	2.011999941117223
6250.0	1.9414999207891215
6270.0	2.0515000811158566
6290.0	2.102999943242121
6310.0	2.039999985362113
6330.0	2.0690000379334155
6350.0	2.0530000936054753
6370.0	2.042500006178144
6390.0	2.1039999515685337
6410.0	2.068000029607003
6430.0	2.087500003077387
6450.0	2.0799999406292935
6470.0	2.0774999198132624
6490.0	2.022000024381348
6510.0	2.089500019730212
6530.0	2.0910000322198306
6550.0	2.0384999728724944
6570.0	1.8944999072370536
6590.0	2.0624999838117346
6610.0	2.094000057199068
6630.0	2.0650000046277657
6650.0	2.0534999088740222
6670.0	1.996500000952489
6690.0	2.037999968709288
6710.0	1.9600000748277522
6730.0	2.0189999994021104
6750.0	1.987999930177983
6770.0	2.0094999203011916
6790.0	1.981500064950961
6810.0	1.9934999759732515
6830.0	2.02300003270776
6850.0	1.9795000482981362
6870.0	2.033999935403638
6890.0	2.0774999198132624
6910.0	2.052500089442269
6930.0	2.011999941117223
6950.0	2.0020000467477574
6970.0	2.0430000103413506
6990.0	2.0435000145045565
7010.0	2.0104999286276044
7030.0	2.0715000587494465
7050.0	2.074000079565478
7070.0	1.9560000415221024
7090.0	1.855999964459492
7110.0	1.7864999524578027
7130.0	1.7525000471490972
7150.0	1.7550000679651283
7170.0	1.7884999691106278
7190.0	1.7654999664978002
7210.0	1.827999920214602
7230.0	1.8670000560500293
7250.0	1.8890000503364444
7270.0	1.9049999946643847
7290.0	1.886000025357207
7310.0	1.9740000025028674
7330.0	2.0154999702596665
7350.0	2.0505000727894442
7370.0	2.121999912549299
7390.0	2.1079999848741835
7410.0	2.1079999848741835
7430.0	2.1345000166294548
7450.0	2.1385000499351046
7470.0	2.1595000358951073
7490.0	2.1709999427541917
7510.0	2.219999972959084
7530.0	2.2659999781847393
7550.0	2.297500051572073
7570.0	2.2705000156535955
7590.0	2.191499924550988
7610.0	2.1210000931175457
7630.0	2.0784999281396748
7650.0	2.0369999603828757
7670.0	1.9375000763781307
7690.0	1.9694999650340115
7710.0	1.9464999624211838
7730.0	1.9590000665013396
7750.0	1.9525000123796585
7770.0	1.9845000899301986
7790.0	2.020500011891729
7810.0	2.0285000785030287
7830.0	1.9934999759732515
7850.0	1.9320000305828622
7870.0	1.9474999707475962
7890.0	1.8915000711524754
7910.0	1.8380000034787267
7930.0	1.8445000576004078
7950.0	1.8460000700900265
7970.0	1.936000063888512
7990.0	1.9575000540117211
8010.0	1.9959999967892827
8030.0	2.0255000535237913
8050.0	2.039999985362113
8070.0	2.0559999296900533
8090.0	2.041499997851732
8110.0	2.082999965608531
8130.0	2.154499994263045
8150.0	2.1855000634871726
8170.0	2.2129999146741968
8190.0	2.1484999443045703
8210.0	2.107499980710977
8230.0	2.1474999359781575
8250.0	2.148999948467776
8270.0	2.153999990099839
8290.0	2.102499939078915
8310.0	2.0189999994021104
8330.0	2.031499914587607
8350.0	2.0364999562196693
8370.0	2.059999962995703
8390.0	2.004500067563789
8410.0	2.070000046259828
8430.0	1.9429999332787402
8450.0	1.8405000242947578
8470.0	1.8225000633139925
8490.0	1.8180000258451365
8510.0	1.7364999139264976
8530.0	1.795000023232309
8550.0	1.6004999149023567
8570.0	1.936000063888512
8590.0	1.936000063888512
8610.0	1.9820000691141673
8630.0	2.0445000228309693
8650.0	2.0235000368709666
8670.0	1.7710000122930687
8690.0	2.0240000410341725
8710.0	2.1249999375285364
8730.0	2.156000006752664
8750.0	2.126499950018155
8770.0	2.189000092629616
8790.0	2.217499952143053
8810.0	2.1924999328774004
8830.0	2.232000072876034
8850.0	2.233000081202446
8870.0	2.075500092055097
8890.0	2.104999959894946
8910.0	2.159000031731901
8930.0	2.129499974997392
8950.0	2.1340000124662484
8970.0	2.1494999526309826
8990.0	2.1835000468343475
9010.0	2.130499983323805
9030.0	2.2080000619367937
9050.0	2.2760000614488645
9070.0	2.277000069775277
9090.0	2.220999981285497
9110.0	2.2154999354902283
9130.0	2.245499996387943
9150.0	2.197499974509463
9170.0	2.174499971896635
9190.0	2.1880000843032037
9210.0	2.1094999973638022
9230.0	2.076999915650056
9250.0	2.0819999572821186
9270.0	2.0859999905877684
9290.0	2.040499989525319
9310.0	2.0349999437300506
9330.0	2.017999991075698
9350.0	1.9949999884628702
9370.0	1.968999960870805
9390.0	1.9894999426676017
9410.0	1.9464999624211838
9430.0	1.9990000217685202
9450.0	1.9775000316453113
9470.0	2.029000082666235
9490.0	2.0715000587494465
9510.0	2.072000062912653
9530.0	2.10049992242609
9550.0	2.042000002014938
9570.0	2.0624999838117346
9590.0	2.0859999905877684
9610.0	2.047500047810207
9630.0	2.0675000254437967
9650.0	2.0280000743398228
9670.0	2.0000000300949328
9690.0	2.0164999785860793
9710.0	2.0055000758902013
9730.0	1.9975000092789015
9750.0	1.9825000732773737
9770.0	1.997000005115695
9790.0	1.9674999483811864
9810.0	2.0359999520564633
9830.0	2.0255000535237913
9850.0	2.0589999546692908
9870.0	2.053999913037228
9890.0	2.0584999505060844
9910.0	2.0174999869124917
9930.0	2.0255000535237913
9950.0	2.0295000868294415
9970.0	2.046500039483794
9990.0	2.0544999172004346
10025.0	2.0480000519734127
10075.0	2.0084999119747793
10125.0	2.0445000228309693
10175.0	2.007500092543026
10225.0	2.02300003270776
10275.0	2.0394999811989067
10325.0	1.9830000774405798
10375.0	2.0149999660964606
10425.0	1.9854999093619516
10475.0	1.9869999218515704
10525.0	1.9800000524613424
10575.0	1.940499912462709
10625.0	1.9504999957268336
10675.0	1.9150000779285095
10725.0	1.910000036296447
10775.0	1.921499943155531
10825.0	1.877999958745907
10875.0	1.7839999316417716
10925.0	1.7330000736787132
10975.0	1.7115000835555043
11025.0	1.7040000211074107
11075.0	1.7154999279664949
11125.0	1.71349991131367
11175.0	1.6885000809426767
11225.0	1.6969999628225234
11275.0	1.665500078329849
11325.0	1.6890000851058828
11375.0	1.6580000158817554
11425.0	1.6580000158817554
11475.0	1.697999971148936
11525.0	1.6714999393936647
11575.0	1.6840000434738205
11625.0	1.6544999867393118
11675.0	1.6595000283713741
11725.0	1.6650000741666429
11775.0	1.6125000148193065
11825.0	1.6170000522881627
11875.0	1.622499909188772
11925.0	1.6294999674736592
11975.0	1.5580000332664747
12025.0	1.5999999107391505
12075.0	1.5724999651047964
12125.0	1.5879999997168601
12175.0	1.6074999731872441
12225.0	1.602999935718388
12275.0	1.5824999539215914
12325.0	1.5844999705744165
12375.0	1.5670000137568574
12425.0	1.5575000291032686
12475.0	1.56800002208327
12525.0	1.5409999861647923
12575.0	1.5590000415928873
12625.0	1.5575000291032686
12675.0	1.5274999682055537
12725.0	1.546500031960061
12775.0	1.5330000140008222
12825.0	1.4800000449376092
12875.0	1.5174999793887585
12925.0	1.499000014244787
12975.0	1.5194999960415834
13025.0	1.5115000238776133
13075.0	1.5039999614295196
13125.0	1.465500018651958
13175.0	1.4819999671431046
13225.0	1.4814999629798984
13275.0	1.4504999882031004
13325.0	1.4085000162830952
13375.0	1.3620000068942337
13425.0	1.3449999597925513
13475.0	1.3415000250974372
13525.0	1.339000004281406
13575.0	1.3224999613429298
13625.0	1.3185000224846095
13675.0	1.3185000224846095
13725.0	1.3180000183214033
13775.0	1.310999960036516
13825.0	1.3100000461574333
13875.0	1.3004999670565147
13925.0	1.298999954566896
13975.0	1.2664999673004795
14025.0	1.2099999690948229
14075.0	1.1749999610123751
14125.0	1.1370000223980197
14175.0	1.1145000239483982
14225.0	1.1125000072955733
14275.0	1.1370000223980197
14325.0	1.16900000550123
14375.0	1.1969999552987902
14425.0	1.15299996672596
14475.0	1.1894999872980263
14525.0	1.1534999708891662
14570.0	1.1289999557867199
14620.0	1.0849999672138895
14675.0	1.1045000351316032
14725.0	1.1634999597059612
14775.0	1.124000008601987
14825.0	1.1429999779091649
14875.0	1.131499976602751
14925.0	1.1874999706452014
14975.0	1.1639999638691676
15025.0	1.1094999823163358
15075.0	1.1449999945619898
15125.0	1.1564999958684037
15175.0	1.1544999792155786
15225.0	1.1840000359500873
15275.0	1.1754999651755813
15325.0	1.1854999539923765
15375.0	1.1850000442764999
15425.0	1.1539999750523724
15475.0	1.2270000161965053
15525.0	1.2290000328493302
15575.0	1.1184999628067185
15625.0	1.183000027623675
15675.0	1.2014999927676464
15725.0	1.2004999844412338
15775.0	1.0734999659074758
15825.0	1.1544999792155786
15875.0	1.1720000304804674
15925.0	1.1815000151340562
15975.0	1.1439999862355774
16050.0	1.1800000026444375
16150.0	1.1854999539923765
16250.0	1.1245000127651934
16350.0	1.1859999581555827
16450.0	1.1084999739899235
16550.0	1.1705000179908487
16650.0	1.1135000156219859
16750.0	1.1114999989691607
16850.0	1.0900000088459518
16950.0	1.117499954480306
17050.0	1.0969999726835096
17150.0	1.1005000018259532
17250.0	1.0680000145595367
17350.0	1.0215000051706753
17450.0	1.021000001007469
17550.0	0.9524999973321924
17650.0	0.9770000124346386
17750.0	0.8719999881872956
17850.0	0.8330000412465276
17950.0	0.8650000243497379
18050.0	0.8364999759416416
18150.0	0.8395000009208791
18250.0	0.8200000274504952
18350.0	0.8080000219808751
18450.0	0.7995000456536987
18550.0	0.7975000290008737
18650.0	0.7850000193680474
18750.0	0.7769999999804125
18850.0	0.7720000055720149
18950.0	0.750500015448806
19050.0	0.7555000098572036
19150.0	0.7419999918979647
19250.0	0.7340000197339946
19350.0	0.696999994998722
19450.0	0.7055000185495631
19550.0	0.6650000118955117
19650.0	0.6580000008342892
19750.0	0.6310000121394764
19850.0	0.6420000092826841
19950.0	0.6289999954866515
20050.0	0.6399999926298591
20150.0	0.6380000232006989
20250.0	0.6140000122614588
20350.0	0.6200000149962689
20450.0	0.5989999818126014
20550.0	0.5960000040570288
20650.0	0.602500010955045
20750.0	0.6004999943022201
20850.0	0.6030000151182513
20950.0	0.5889999929958063
21050.0	0.5994999859758076
21150.0	0.5834999944242025
21250.0	0.5839999985874087
21350.0	0.575000018097026
21450.0	0.5625000084641998
21550.0	0.5599999876481686
21650.0	0.5640000209538185
21750.0	0.5445000002597697
21850.0	0.5419999794437386
21950.0	0.5379999933617534
22050.0	0.5130000213197656
22150.0	0.5275000003817522
22250.0	0.5149999907489258
22350.0	0.503499989442512
22450.0	0.48964999690322775
22550.0	0.49310001618461785
22650.0	0.47169999855985123
22750.0	0.4778999935152108
22850.0	0.4687499834416674
22950.0	0.3611999993527368
23050.0	0.41204999301546125
23150.0	0.40819998929297213
23250.0	0.34255000462560453
23350.0	0.3798499940798691
23450.0	0.3499500001279261
23550.0	0.31279999303315753
23650.0	0.3421499965726731
23750.0	0.3239000098984723
23850.0	0.29714999967343025
23950.0	0.32090000853106726
24050.0	0.308999999171722
24150.0	0.27844999508524443
24250.0	0.3005500090937668
24350.0	0.28845000751387195
24450.0	0.27410001081138147
24550.0	0.28080000992994725
24650.0	0.28605000641994793
24750.0	0.26539999503999073
24850.0	0.26535000879076953
24950.0	0.22899999419003148
28510.1776	0.1659587
35481.0	0.087
41210.0	0.0479
51760.0	0.02
128825.0	4.79E-4
